{
  "principalPoint": {
    "x": 0,
    "y": 0
  },
  "viewTransform": {
    "rows": [
      [
        0.35137814568176784,
        -0.9361792264919536,
        -0.010092305096940023,
        0.7926391801600895
      ],
      [
        0.014019143834814894,
        -0.005517254349449019,
        0.9998865053147694,
        -2.1192211003128842
      ],
      [
        -0.9361286569395155,
        -0.3514797516065055,
        0.011185788628792383,
        -10
      ],
      [
        0,
        0,
        0,
        1
      ]
    ]
  },
  "cameraTransform": {
    "rows": [
      [
        0.3513781456817678,
        0.014019143834814892,
        -0.9361286569395155,
        -9.610092989291463
      ],
      [
        -0.9361792264919537,
        -0.005517254349449019,
        -0.35147975160650563,
        -2.784437463328713
      ],
      [
        -0.010092305096940023,
        0.9998865053147694,
        0.011185788628792383,
        2.238838022707058
      ],
      [
        0,
        0,
        0,
        1
      ]
    ]
  },
  "horizontalFieldOfView": 0.709712171050723,
  "verticalFieldOfView": 0.5418369114952718,
  "vanishingPoints": [
    {
      "x": 1.0129835922669832,
      "y": 0.04041561166174481
    },
    {
      "x": -7.188228825822896,
      "y": -0.04236292114995681
    },
    {
      "x": 2.4349327279508945,
      "y": -241.23887978431839
    }
  ],
  "vanishingPointAxes": [
    "xPositive",
    "yPositive",
    "zPositive"
  ],
  "relativeFocalLength": 2.698753412483106,
  "imageWidth": 583,
  "imageHeight": 437
}