{
  "principalPoint": {
    "x": 0,
    "y": 0
  },
  "viewTransform": {
    "rows": [
      [
        0.8045506737143975,
        -0.5937036138290295,
        -0.014636678313737071,
        1.3568766363559237
      ],
      [
        0.04402555609835313,
        0.035046619267144155,
        0.9984154871035278,
        1.3813603152266758
      ],
      [
        -0.5922499167040379,
        -0.8039202406982265,
        0.054334912899217734,
        -10
      ],
      [
        0,
        0,
        0,
        1
      ]
    ]
  },
  "cameraTransform": {
    "rows": [
      [
        0.8045506737143975,
        0.04402555609835314,
        -0.592249916704038,
        -7.074990335017915
      ],
      [
        -0.5937036138290295,
        0.035046619267144155,
        -0.8039202406982267,
        -7.282031853496068
      ],
      [
        -0.014636678313737071,
        0.9984154871035278,
        0.054334912899217734,
        -0.8159622361625797
      ],
      [
        0,
        0,
        0,
        1
      ]
    ]
  },
  "horizontalFieldOfView": 1.1690496612843575,
  "verticalFieldOfView": 0.9212719599957286,
  "vanishingPoints": [
    {
      "x": 2.053132208674925,
      "y": 0.11234878073377971
    },
    {
      "x": -1.1161569061031003,
      "y": 0.0658872966568361
    },
    {
      "x": 0.40712903358073965,
      "y": -27.77159705662193
    }
  ],
  "vanishingPointAxes": [
    "xPositive",
    "yPositive",
    "zPositive"
  ],
  "relativeFocalLength": 1.5113620798504865,
  "imageWidth": 640,
  "imageHeight": 480
}